image: map.pgm
resolution: 0.050000
origin: [-1.695981, -5.561739, 0.000000]
negate: 0
occupied_thresh: 0.65
free_thresh: 0.196

